2
23
56
57
2
2
24
2
2
58
1
59
2
60
61
62
2
25
2
1
63
64
65
66
8
2
67
68
69
9
1
26
1
1
70
71
72
27
28
73
13
2
2
2
2
2
4
74
75
76
2
77
78
79
2
80
81
82
83
2
84
3
2
10
85
86
87
88
89
29
30
1
1
1
90
2
1
1
91
92
93
14
94
95
3
31
96
2
1
97
1
1
15
98
3
99
2
3
3
100
101
1
2
32
102
2
33
2
103
104
1
10
105
23
106
107
108
16
109
2
2
17
34
18
110
35
111
112
113
36
114
1
115
116
16
1
117
118
119
120
7
121
1
11
1
2
2
122
123
124
125
126
26
2
2
127
13
128
18
129
130
131
2
1
132
37
38
1
34
1
133
3
134
1
39
7
1
135
2
136
1
19
40
137
2
1
3
138
139
140
5
3
1
141
2
2
1
142
41
143
144
19
145
1
146
147
42
8
1
148
149
150
2
2
2
151
1
152
20
2
153
154
155
2
3
156
157
11
158
1
43
159
160
161
1
162
163
44
1
2
3
2
45
164
1
21
2
165
22
166
1
1
167
2
19
46
168
169
1
170
171
28
6
172
8
10
173
47
42
174
175
1
1
176
177
2
1
1
178
179
180
1
2
1
48
181
2
182
183
184
7
185
186
187
22
1
2
25
7
1
49
50
188
1
2
2
6
189
2
1
3
2
6
15
1
190
51
20
191
2
1
33
29
192
50
52
4
1
193
194
14
195
52
2
4
2
2
196
5
197
198
199
200
53
2
2
4
201
2
1
1
3
1
1
48
2
202
2
1
1
1
1
203
2
204
205
206
2
2
2
1
1
1
2
2
54
2
207
208
209
3
1
210
211
15
212
1
1
2
3
2
3
2
1
2
55
213
1
2
214
215
216
51
217
218
2
3
2
20
219
47
220
1
11
5
27
17
221
1
3
222
38
3
2
1
2
223
224
2
225
2
12
3
1
226
2
1
53
39
227
37
2
1
21
1
228
9
3
12
7
46
1
2
1
229
2
230
231
232
16
2
23
56
57
2
2
24
24
2
58
1
59
2
60
61
62
2
2
2
2
2
2
2
2
2
2
2
2
63
64
65
66
8
67
68
69
9
9
1
26
1
70
71
72
73
13
2
2
2
2
74
75
76
77
78
79
80
81
82
83
84
3
85
86
87
88
89
30
30
1
1
1
90
2
1
91
92
93
14
14
94
95
31
31
96
2
97
1
98
3
3
99
3
3
100
101
32
32
102
2
103
104
1
1
10
105
106
107
108
109
2
17
110
35
35
111
112
113
36
36
114
115
116
1
1
1
117
118
119
120
121
2
2
122
123
124
125
126
2
127
13
128
18
18
129
130
131
132
38
1
1
34
2
133
3
134
39
1
135
136
1
1
1
40
40
137
2
3
138
139
140
5
1
141
2
1
1
142
41
41
143
144
145
1
146
147
1
1
148
149
150
2
2
2
151
1
152
153
154
155
3
156
157
11
158
43
43
159
160
161
1
162
163
44
44
3
2
45
45
164
1
1
21
2
165
22
166
167
2
19
46
168
169
170
171
28
6
172
173
42
174
175
1
176
177
178
179
180
48
181
182
183
184
185
186
187
22
25
7
49
49
188
1
1
2
6
189
2
6
190
51
191
2
33
29
192
50
4
1
193
194
195
52
2
2
2
2
4
196
197
198
199
200
2
201
2
1
3
202
1
203
204
205
206
2
1
54
54
2
207
208
209
210
211
15
212
1
1
2
2
3
2
55
55
213
1
2
214
215
216
217
218
2
20
219
47
220
1
5
5
27
17
221
3
222
1
223
224
2
225
12
12
226
2
1
53
227
37
21
228
2
1
229
230
231
232
16
