60
94
182
120
182
195
13
69
61
61
184
69
14
161
187
167
61
30
15
161
133
116
173
187
131
164
109
173
94
188
52
16
158
163
94
61
100
188
94
131
139
17
94
11
94
94
1
164
115
133
94
61
184
156
167
133
195
169
69
120
148
182
163
163
61
116
158
120
139
94
184
154
192
18
61
148
94
94
69
19
60
94
60
182
187
60
94
184
61
148
61
120
184
94
188
156
94
184
187
120
52
61
163
164
109
20
192
133
21
164
164
164
60
30
148
158
94
94
161
182
22
120
163
52
23
184
154
109
24
135
69
94
61
9
25
161
188
131
109
118
173
133
188
69
184
61
192
133
26
187
27
61
61
118
182
120
184
69
61
94
116
120
148
182
109
169
164
158
109
94
164
148
119
28
133
192
61
94
123
120
133
100
94
156
109
188
195
173
167
161
94
115
94
29
94
109
118
61
173
94
188
167
118
120
69
135
188
164
158
120
148
31
69
131
154
169
164
60
184
94
167
94
61
148
123
32
33
52
182
119
116
120
115
94
188
61
164
94
61
61
182
69
116
119
94
94
120
120
184
148
34
161
52
133
94
164
35
135
158
52
156
94
94
61
94
148
184
94
184
123
164
163
158
52
163
120
69
36
100
37
52
169
94
61
182
173
131
135
115
188
61
38
188
120
120
116
154
69
60
161
119
158
148
61
69
39
40
148
61
169
120
61
163
148
60
192
61
94
133
41
118
61
188
42
94
8
133
60
61
158
161
104
169
43
188
148
163
195
94
94
120
61
161
169
44
169
100
135
192
69
148
87
167
161
195
115
45
46
47
61
94
169
52
188
184
94
139
133
109
188
61
48
94
120
133
188
169
184
188
148
116
61
30
47
94
148
163
163
167
120
61
169
61
109
120
192
94
135
49
173
192
164
50
61
115
60
61
94
94
5
51
135
61
61
115
61
87
52
120
53
133
133
148
115
173
118
46
161
120
2
173
69
61
187
94
60
120
182
52
109
52
188
163
94
94
94
192
54
188
61
164
119
118
188
188
52
55
61
161
195
61
188
56
120
148
123
148
61
135
131
188
57
58
94
188
163
69
94
123
59
94
192
60
61
187
120
131
154
158
148
3
61
192
148
61
188
94
120
119
173
61
94
61
62
69
94
52
94
188
94
173
63
64
61
52
69
163
164
65
164
187
61
109
115
61
163
120
148
163
120
66
131
182
109
120
118
61
69
182
69
184
173
188
120
94
192
195
94
69
187
52
187
163
158
120
109
195
154
60
61
188
100
118
94
116
94
119
118
116
61
156
61
119
182
61
120
94
120
187
100
119
163
135
156
120
94
154
52
100
192
61
133
182
118
195
188
169
67
163
120
131
118
109
184
69
195
68
61
148
188
139
188
173
47
161
135
167
69
61
61
61
52
158
139
195
116
52
60
109
61
131
69
70
118
188
116
112
52
119
7
71
133
72
61
94
120
100
94
61
52
73
61
94
52
120
164
148
74
191
60
188
120
131
94
182
148
118
133
133
182
120
173
61
94
69
5
94
115
52
69
94
119
188
75
158
4
61
158
94
133
182
69
169
173
195
192
188
148
76
158
184
188
163
188
69
158
188
61
94
169
158
163
94
184
192
94
156
184
148
94
120
109
100
77
161
109
115
78
118
79
187
80
69
94
100
188
184
167
94
61
184
163
184
195
182
81
82
94
61
156
52
61
164
61
119
184
109
161
61
17
94
61
100
120
69
115
131
30
195
61
120
83
120
115
135
109
158
120
120
184
119
120
154
52
84
156
154
163
167
94
118
60
94
133
120
61
94
158
85
120
86
192
164
164
169
94
192
164
63
183
87
109
188
119
188
139
158
163
187
94
188
88
120
89
94
139
192
109
164
116
90
91
148
94
94
61
163
61
94
120
133
92
164
69
133
60
93
61
120
109
60
119
195
69
94
161
120
94
116
135
195
95
61
182
133
184
192
182
163
60
131
169
148
119
188
109
69
195
139
182
94
69
187
94
96
154
52
61
158
63
109
61
163
182
61
118
94
94
184
187
61
109
188
119
97
161
87
1
195
148
61
120
187
61
173
139
133
120
98
61
57
99
94
63
131
158
2
192
182
94
94
100
94
61
164
188
120
192
94
135
100
184
61
116
120
94
61
148
109
3
61
131
133
69
119
133
188
188
94
164
120
94
94
133
163
167
61
116
133
100
120
135
135
94
109
169
94
148
182
119
187
167
109
120
61
120
101
109
102
163
163
52
94
184
103
187
188
195
69
94
94
118
173
69
148
52
104
61
120
6
94
123
61
69
156
148
118
52
61
94
105
61
133
106
47
164
118
109
163
187
115
135
52
163
61
173
109
61
167
184
123
156
69
109
163
161
109
117
154
182
61
156
120
164
107
120
169
118
94
156
115
94
94
173
108
133
182
94
163
133
154
184
61
4
94
61
195
167
123
118
167
94
52
119
135
148
61
188
187
184
182
120
164
94
120
110
182
111
100
158
164
61
148
163
148
184
195
94
94
154
120
116
184
10
94
61
61
112
120
119
164
61
163
116
167
118
113
94
94
188
188
61
60
169
94
139
154
123
148
61
114
52
148
192
184
195
131
163
94
135
187
116
118
61
117
123
118
120
118
195
167
118
94
119
94
188
156
195
148
182
182
139
164
192
135
94
167
192
184
61
120
167
184
131
60
69
167
188
61
61
158
192
164
69
184
94
121
122
61
154
154
61
61
135
69
133
94
52
52
120
133
192
61
52
192
52
61
61
109
120
69
46
94
120
167
94
61
94
37
61
124
94
164
167
94
192
169
94
60
120
148
61
94
195
115
94
125
100
69
126
123
61
61
148
118
69
127
94
123
187
115
94
94
69
188
128
131
94
139
188
109
94
94
94
120
148
61
129
130
61
163
164
163
192
133
167
133
148
123
120
132
61
69
120
117
184
182
69
94
109
94
131
195
195
123
184
115
120
120
167
188
158
61
115
60
184
61
94
188
184
148
167
148
195
188
133
94
69
158
163
120
120
133
169
187
94
61
61
94
120
94
163
148
94
60
61
184
94
109
184
69
184
133
188
134
116
131
61
94
94
136
94
115
61
100
94
123
61
156
163
120
173
182
156
184
156
69
118
119
182
192
94
94
137
120
61
195
100
138
94
109
87
94
94
60
188
188
188
140
119
109
188
141
139
69
158
94
131
133
52
135
94
133
139
169
61
148
69
119
164
142
61
52
188
143
156
148
195
167
133
187
115
144
148
120
61
120
154
158
100
116
188
158
184
118
46
94
135
188
154
61
135
156
163
188
69
61
61
145
163
154
188
94
120
94
195
146
147
60
161
135
94
184
149
52
150
167
52
61
118
182
119
195
148
158
94
139
167
158
94
173
61
69
115
184
120
118
148
61
163
109
94
61
120
69
94
158
151
61
195
100
120
60
94
123
152
118
164
153
94
94
69
61
188
120
61
164
148
155
118
52
161
61
167
6
187
188
184
123
61
158
179
109
120
69
158
148
52
7
116
139
94
94
60
112
148
156
148
100
135
94
94
157
94
119
109
52
184
164
100
169
158
192
182
195
159
94
94
148
94
163
148
119
94
109
109
119
120
8
133
133
188
94
158
61
192
94
52
120
60
94
155
120
123
100
120
158
187
69
167
61
60
61
50
188
161
61
94
120
100
118
69
160
188
120
164
61
188
173
188
188
61
156
61
184
162
139
69
167
118
115
94
61
69
94
188
94
156
118
169
120
163
94
120
116
184
156
120
184
195
12
61
61
188
164
192
135
61
123
161
164
167
135
61
9
118
69
61
165
133
166
120
61
156
167
52
167
94
118
188
109
61
61
100
123
133
188
163
158
163
168
61
94
94
94
163
139
173
52
195
169
188
94
61
164
148
148
170
100
187
52
120
61
94
52
94
120
164
184
167
61
161
94
182
94
94
164
148
120
133
148
109
123
60
60
158
87
61
94
116
69
120
94
94
119
61
171
133
100
167
61
188
69
109
61
187
148
172
163
52
173
61
69
69
120
61
187
61
94
116
174
131
60
94
188
188
148
120
188
167
175
120
131
61
94
169
127
10
184
94
135
94
94
148
148
167
94
184
195
69
94
135
94
52
187
167
61
184
116
176
94
195
184
94
61
167
120
61
148
192
139
187
177
94
178
94
173
195
94
179
184
61
69
60
188
188
120
133
164
123
109
148
61
184
127
192
188
180
182
163
135
61
94
148
61
158
118
61
195
120
181
187
119
173
182
120
148
11
148
135
148
183
94
192
163
148
61
61
115
61
195
173
120
94
188
167
195
61
109
61
167
52
158
109
120
192
94
195
163
61
118
118
182
161
195
123
188
133
133
173
94
60
187
167
133
164
61
148
120
61
161
148
184
100
158
52
61
163
69
52
61
139
183
188
120
94
120
148
94
94
94
61
61
52
131
195
188
195
167
94
120
109
94
120
148
188
94
61
167
109
94
94
60
185
192
94
164
61
120
148
61
12
188
161
120
195
169
116
69
167
133
61
186
148
148
52
123
120
148
169
61
182
100
61
118
156
182
120
118
123
61
60
94
61
182
182
61
94
148
133
188
119
131
133
182
187
61
69
184
173
118
188
156
69
69
188
120
133
61
94
163
188
192
188
115
182
61
189
61
156
184
187
182
158
184
163
188
61
135
135
188
135
139
164
184
156
182
188
94
164
133
192
188
94
123
61
94
163
173
69
139
120
118
190
169
158
61
120
133
52
148
120
191
61
115
61
192
69
52
61
61
192
163
184
188
100
120
94
131
61
193
100
158
164
94
182
94
156
61
184
69
116
52
164
94
69
158
169
195
195
167
194
169
195
192
148
173
94
195
112
187
61
94
94
52
173
163
94
120
94
69
61
184
119
148
148
46
94
182
196
120
148
184
60
60
195
156
120
94
195
148
154
163
158
163
182
94
131
188
118
158
163
120
69
94
182
182
182
195
13
69
69
14
14
30
15
161
173
173
187
187
94
163
109
118
163
94
94
94
16
158
163
163
100
131
17
17
17
94
94
164
164
115
94
94
120
184
184
184
188
133
133
195
169
69
120
163
163
163
163
52
163
163
158
158
120
139
173
184
184
120
61
154
154
18
94
94
94
94
94
94
94
94
61
94
94
94
19
60
158
60
60
182
187
60
184
61
61
148
148
154
188
118
187
187
61
61
164
20
192
133
164
133
120
21
94
164
120
158
187
195
94
161
22
120
120
52
52
23
184
109
24
69
61
25
161
188
131
131
131
109
173
188
61
61
26
187
27
61
61
61
118
182
120
184
69
61
116
182
182
109
109
28
192
123
123
133
100
61
94
188
195
94
94
94
29
94
120
94
30
167
109
61
188
120
69
135
164
164
31
131
131
164
164
60
60
94
94
94
167
167
116
188
115
148
148
32
33
52
120
120
115
94
188
188
61
94
61
69
119
119
94
34
161
161
161
164
35
52
156
156
94
195
61
169
184
195
184
52
120
36
36
37
37
120
52
169
169
169
94
182
173
131
115
135
38
188
116
116
154
154
188
158
158
69
39
40
148
148
154
61
131
156
61
61
169
148
60
119
192
61
61
94
41
118
42
94
94
60
60
61
61
188
184
158
104
43
188
148
148
94
94
120
161
44
100
135
69
148
148
188
195
45
46
46
47
47
47
94
164
52
188
139
133
48
133
188
169
169
188
148
116
61
61
120
148
163
167
167
120
109
61
61
120
192
94
135
135
135
135
135
94
49
49
50
60
51
135
61
61
115
61
61
120
155
94
52
120
53
133
173
173
60
182
52
109
52
52
163
163
94
94
52
54
188
164
119
55
61
161
161
195
61
188
56
148
123
131
57
58
60
69
94
59
94
60
61
188
119
173
61
62
195
188
63
64
69
65
187
187
187
61
109
115
61
148
66
131
182
109
109
61
173
187
187
158
158
109
109
188
182
188
118
116
119
119
119
119
182
182
120
94
100
100
119
119
119
156
120
120
94
52
100
133
133
133
133
60
169
169
169
67
120
131
131
118
118
184
69
195
195
68
188
139
139
139
188
188
47
161
116
135
167
60
131
131
70
61
120
188
148
112
52
119
71
133
133
72
61
73
73
167
94
94
52
52
120
74
191
94
133
133
133
69
182
120
173
100
5
5
115
119
188
75
158
133
133
188
148
76
184
163
163
188
69
69
158
52
158
163
94
184
192
94
94
120
109
77
161
109
115
78
79
187
80
69
100
188
184
184
94
163
61
61
184
182
81
82
52
119
109
94
120
115
115
94
83
115
135
119
120
154
84
94
133
85
86
192
192
164
164
94
192
87
87
188
188
167
188
52
139
163
188
88
89
139
164
90
91
148
94
61
120
133
133
92
69
93
195
195
94
161
120
195
95
61
61
61
184
169
148
182
182
182
69
61
96
154
154
94
184
109
119
97
1
133
120
98
61
61
99
63
2
100
164
188
135
135
184
120
195
94
148
109
3
3
131
69
69
188
164
120
94
94
133
167
94
163
116
116
100
94
94
188
182
182
182
167
109
101
109
102
52
103
187
187
188
188
188
69
69
94
118
148
104
104
104
61
123
69
118
105
133
106
163
163
109
184
123
69
69
164
107
94
108
133
184
4
119
188
187
184
94
110
111
164
148
148
184
94
116
184
61
61
61
112
119
167
113
158
169
169
94
114
148
192
184
131
94
187
116
116
61
117
123
123
118
118
118
118
195
119
119
182
61
120
184
184
61
192
164
69
121
122
94
154
52
192
69
94
167
124
94
192
115
135
60
60
120
120
148
163
125
126
127
94
128
188
94
129
130
133
133
123
120
132
61
69
115
120
120
61
115
60
123
94
188
167
195
133
158
94
61
148
188
109
69
134
116
131
94
136
156
120
173
173
118
182
195
137
195
138
94
109
87
188
140
188
141
139
133
169
142
52
52
143
156
148
187
144
120
116
158
158
94
135
173
154
61
120
61
145
94
94
164
146
147
161
161
135
135
94
149
150
119
158
158
139
139
167
158
173
173
163
109
151
94
94
94
94
94
152
118
164
153
61
188
61
164
148
155
155
52
6
148
158
179
120
120
7
116
156
135
157
158
159
163
119
8
133
120
120
167
60
163
188
61
100
160
160
61
188
173
169
61
162
69
118
163
184
123
164
9
165
166
167
94
188
100
133
168
169
188
94
148
170
100
187
61
94
120
148
148
158
87
87
116
116
116
61
171
188
61
172
173
61
174
188
188
148
175
120
131
131
169
10
94
176
120
177
94
178
179
123
61
180
181
173
182
11
183
115
115
192
195
133
167
148
100
158
139
188
120
52
185
12
133
133
186
148
148
182
60
182
133
69
188
94
163
163
189
182
156
182
192
118
190
191
192
94
61
193
182
94
194
94
120
61
61
46
196
158
118
