7
7
1
5
1
1
3
104
49
14
105
5
6
11
1
1
106
8
107
2
8
14
2
1
1
50
1
51
52
108
6
109
1
36
7
110
1
1
3
1
53
7
9
3
11
111
2
19
13
1
1
1
54
55
2
20
2
1
2
2
1
37
3
1
112
2
12
113
114
115
2
2
12
1
116
30
117
118
21
1
119
120
56
121
122
123
8
11
2
4
2
1
2
2
1
124
57
125
126
127
128
129
6
1
5
130
1
2
1
1
131
6
1
2
11
1
1
132
1
58
10
1
6
7
9
1
2
2
59
60
1
133
5
2
134
31
1
3
13
2
61
135
2
136
137
4
7
138
3
1
1
5
1
8
1
1
2
139
2
2
6
8
140
3
6
9
62
3
63
7
6
2
4
2
141
10
64
2
142
143
1
2
144
22
65
2
1
1
66
3
1
145
2
12
38
4
146
147
2
4
67
148
149
39
4
15
1
150
151
2
152
40
1
68
7
3
15
153
11
32
1
2
41
6
16
12
6
5
11
1
10
154
155
4
156
157
158
2
1
9
69
5
10
15
2
159
2
2
9
160
2
161
2
162
12
4
63
8
1
1
1
2
1
23
24
1
2
2
2
1
163
1
164
1
165
2
166
167
2
168
13
17
9
3
169
11
70
7
10
9
1
1
2
1
3
1
8
2
71
170
3
11
7
13
171
6
172
6
173
2
8
72
17
36
174
2
175
1
9
1
11
2
12
1
176
2
10
177
178
9
73
4
179
74
2
180
1
181
182
183
1
184
29
11
1
7
2
5
2
75
1
22
6
3
42
2
76
185
77
3
186
43
187
2
3
5
2
3
8
6
188
8
78
1
10
189
6
25
8
190
1
191
39
192
79
1
72
5
80
1
3
69
1
4
10
9
193
12
13
13
5
1
67
194
17
25
31
1
1
24
24
81
1
1
2
1
1
195
196
197
8
198
199
1
2
13
200
55
1
26
201
202
1
203
2
10
1
10
2
1
204
7
13
2
33
7
6
21
205
4
2
206
2
16
2
1
9
5
2
12
207
17
1
208
2
7
1
82
44
1
209
83
1
210
2
13
2
3
84
9
211
40
9
15
212
1
6
1
6
14
2
8
6
8
8
39
12
30
1
7
85
3
213
214
2
34
8
1
86
10
215
2
51
1
1
7
216
217
2
218
219
11
1
1
2
2
13
11
2
15
6
1
87
220
221
10
222
25
223
88
1
3
2
1
1
5
89
7
1
90
44
10
8
1
4
29
91
18
11
1
224
225
1
36
226
1
227
8
1
5
92
4
4
7
5
76
228
2
1
10
229
3
230
44
2
4
11
231
2
2
4
2
89
232
15
1
4
233
29
1
5
1
2
7
1
84
8
93
11
2
1
234
2
1
11
94
35
235
10
20
95
38
40
13
236
3
237
96
1
13
2
10
14
6
10
2
2
4
238
7
2
10
11
12
1
1
239
4
240
241
242
2
6
45
13
1
96
14
97
2
1
2
23
2
98
1
10
7
1
9
5
1
1
1
243
7
2
2
244
5
2
2
245
246
1
1
3
3
3
1
5
247
2
2
91
27
248
4
249
250
251
252
4
1
2
253
2
2
15
1
1
2
46
254
6
2
255
1
75
8
8
1
1
5
256
45
1
257
4
5
1
3
258
8
6
13
2
4
5
2
259
1
1
1
1
20
260
4
10
79
1
2
1
1
19
261
5
7
27
3
8
6
1
1
1
1
2
9
3
4
14
46
262
14
2
263
264
2
1
265
73
22
1
2
4
266
99
1
6
5
9
2
14
267
61
100
268
12
81
7
5
4
2
1
10
1
6
269
1
10
10
270
11
3
1
271
82
1
68
98
1
2
43
7
2
2
272
13
4
1
1
6
1
1
273
2
1
274
4
9
1
47
9
11
275
4
3
18
2
16
276
1
4
5
1
5
42
2
2
1
1
6
1
5
2
277
6
1
48
97
278
2
279
86
280
9
281
282
283
12
3
7
101
12
8
12
284
11
9
15
2
1
12
5
32
285
286
2
8
287
58
13
12
15
8
1
6
48
2
8
288
3
49
2
289
1
2
290
7
5
4
8
2
5
2
1
8
11
29
34
94
9
1
1
1
2
88
2
2
2
2
11
3
291
6
292
2
293
1
1
9
1
14
294
102
9
18
1
1
1
3
12
5
295
2
28
1
6
2
1
1
2
14
296
2
1
103
28
41
100
12
297
6
9
13
298
1
2
2
4
299
2
2
1
2
3
2
95
300
10
301
5
9
7
302
1
2
6
2
1
303
1
5
1
304
13
12
2
2
305
1
6
1
2
1
2
2
306
1
12
307
1
1
8
10
7
308
103
3
2
78
309
2
1
310
2
311
8
1
9
1
50
2
312
313
10
1
7
3
3
2
6
1
1
10
5
2
314
14
2
47
5
1
315
23
6
3
316
1
12
1
19
6
317
318
4
5
10
9
319
1
1
1
15
3
62
1
5
26
2
1
320
9
4
10
2
1
1
2
1
12
3
7
1
2
4
26
11
2
321
1
41
12
15
14
11
2
1
2
85
4
2
1
2
322
11
101
2
102
9
1
10
9
1
1
56
1
4
1
1
4
1
323
11
6
7
2
37
4
2
2
35
3
2
324
6
37
8
8
6
1
4
1
2
1
8
325
2
11
1
5
1
2
1
1
7
2
12
43
1
1
99
326
2
54
6
28
18
1
327
22
6
9
4
1
5
5
5
1
3
104
105
5
11
1
11
1
1
1
2
106
8
107
1
1
52
52
108
6
109
1
36
7
110
1
1
1
3
3
3
1
53
53
7
9
11
3
4
11
111
13
13
1
1
1
1
1
1
1
1
1
1
1
2
1
1
54
2
2
2
20
20
2
2
1
3
3
112
12
12
113
114
115
2
12
1
116
117
118
21
21
21
119
120
121
122
123
8
2
4
1
2
2
2
124
57
57
125
126
127
128
129
130
1
1
3
131
6
1
2
11
1
2
132
58
6
6
59
59
60
60
133
5
134
31
61
135
136
137
4
4
4
4
138
1
1
1
5
5
1
1
139
6
8
140
62
7
6
6
4
4
2
141
64
64
2
142
143
1
5
2
2
2
4
2
144
65
65
2
1
66
66
145
2
5
12
12
12
38
146
147
2
67
148
149
39
4
15
150
151
152
40
7
7
153
11
11
32
2
16
12
3
5
10
154
155
4
4
156
157
158
5
15
15
15
159
2
9
9
160
161
162
63
8
8
1
1
1
24
24
2
2
2
1
1
1
163
164
1
165
166
167
2
2
168
9
169
11
70
70
7
10
1
1
2
1
3
3
71
71
170
7
13
171
172
173
8
17
174
2
175
9
1
12
1
176
10
10
177
178
9
9
179
74
74
2
2
180
1
1
181
182
183
1
184
29
2
5
5
1
22
3
42
42
76
185
77
77
3
186
187
3
5
3
8
8
6
6
188
8
78
1
189
25
190
1
191
192
1
72
5
80
80
1
3
69
9
193
12
13
5
1
194
25
31
81
1
2
2
1
195
196
197
198
199
1
1
13
200
55
26
201
202
203
10
10
10
1
204
7
13
33
33
33
7
205
4
4
206
2
9
207
17
208
2
7
7
7
5
1
209
83
83
210
2
13
2
2
84
9
211
212
14
14
2
30
30
1
1
7
85
3
213
214
34
10
215
51
216
217
218
219
11
1
11
2
15
6
1
1
87
87
220
221
222
223
88
1
1
3
1
89
1
1
90
90
44
10
8
4
91
18
11
224
225
1
1
1
226
1
227
1
92
92
7
5
5
228
4
229
230
4
231
4
232
15
233
7
93
93
11
234
2
35
235
10
95
38
236
237
13
14
14
10
238
10
11
1
1
239
240
241
242
2
2
45
45
96
14
2
2
23
23
2
98
1
1
243
7
2
244
5
2
245
246
1
247
2
27
248
4
249
250
251
252
1
253
2
15
15
1
46
46
254
6
255
75
256
1
257
5
258
13
2
4
5
2
259
260
10
79
1
1
19
261
5
7
27
27
3
1
2
2
262
14
14
263
264
265
73
1
1
266
99
1
5
14
14
267
268
12
5
2
269
1
270
3
271
82
1
1
68
2
43
2
2
272
6
273
274
4
1
47
47
275
4
16
16
276
1
1
1
1
1
1
1
6
1
277
1
48
48
97
278
279
86
280
281
282
283
7
284
9
12
32
285
286
2
287
15
6
288
49
2
289
1
290
11
2
8
34
94
1
2
3
291
6
292
293
1
14
294
295
28
28
1
2
14
296
2
1
100
12
297
6
6
298
1
299
2
300
301
7
7
302
6
2
303
304
12
305
1
6
306
307
1
308
103
3
309
310
2
2
311
8
50
312
313
3
314
5
5
1
315
316
19
317
318
9
319
1
1
3
3
320
7
2
26
321
1
1
41
12
11
1
322
11
101
2
102
1
56
1
323
7
2
37
35
324
8
6
2
1
325
2
2
326
18
327
6
9
