262
262
110
187
304
78
78
25
16
262
26
297
207
326
165
255
27
207
28
78
195
262
78
304
326
20
195
6
29
30
75
31
195
32
262
33
218
36
326
140
34
262
304
218
218
35
78
333
347
195
36
195
37
4
78
38
78
255
78
342
304
344
78
218
39
114
203
40
41
42
303
78
203
195
43
5
44
45
46
218
47
48
23
49
50
51
347
218
342
187
78
304
78
303
255
52
53
54
55
56
57
58
75
326
297
59
326
342
171
195
60
75
165
304
195
195
13
61
195
62
206
13
75
262
304
195
303
78
63
64
195
65
297
78
66
158
255
195
347
78
67
68
78
69
70
279
195
71
326
262
195
255
255
347
127
195
107
72
78
304
207
207
73
78
75
207
74
326
1
203
75
78
304
303
76
230
77
78
79
80
271
78
81
141
82
326
304
195
83
273
195
84
78
203
226
187
85
86
78
279
87
88
89
90
279
207
137
91
92
342
93
94
255
12
262
273
207
95
203
294
195
78
340
75
96
303
75
297
203
78
230
97
98
279
99
100
101
303
195
293
3
187
75
207
179
102
342
114
207
103
78
104
78
105
255
218
1
207
195
195
195
78
238
236
106
195
207
107
107
326
108
195
109
110
111
218
112
113
114
115
293
177
293
293
116
117
118
262
230
207
195
195
304
195
273
326
347
78
119
120
326
326
121
293
122
75
123
207
124
78
207
2
177
32
125
347
126
195
304
127
117
78
203
255
128
114
230
129
130
347
10
218
131
132
78
133
255
134
135
136
137
138
139
117
218
187
78
297
303
8
140
141
218
326
142
78
143
144
145
273
146
275
147
303
78
297
78
78
207
207
148
347
149
137
230
150
218
157
207
151
195
152
90
153
9
279
2
187
154
348
326
3
195
187
230
347
155
203
347
347
297
195
87
156
177
157
158
326
255
106
106
159
195
171
342
195
195
160
161
162
347
163
164
165
342
293
166
4
195
167
168
169
195
170
78
230
293
195
78
171
172
121
293
78
173
121
75
46
174
304
304
175
218
96
342
195
207
297
78
203
176
177
195
178
179
262
238
11
205
262
180
181
195
182
347
293
78
78
183
207
184
94
293
207
185
284
207
195
218
262
78
195
75
347
347
90
203
5
195
187
186
293
188
189
78
302
195
255
15
230
190
179
6
284
238
187
191
192
78
193
194
195
195
255
78
114
347
203
303
207
75
195
196
197
198
230
199
157
200
201
195
273
342
195
195
187
202
262
255
204
205
206
207
218
279
139
208
209
203
195
210
211
262
32
212
195
213
347
195
297
214
279
218
203
255
143
215
78
195
230
216
273
217
205
114
279
203
219
78
342
279
78
202
220
207
326
187
221
139
195
293
195
218
121
195
183
347
222
117
78
195
223
342
13
203
17
345
224
230
38
225
226
94
293
227
326
228
7
195
293
218
75
262
75
230
78
342
187
229
121
78
230
203
203
238
218
231
279
232
233
234
303
75
235
293
326
7
262
14
114
326
107
236
342
237
195
75
203
255
304
297
195
238
195
239
187
78
342
240
187
78
78
241
242
195
218
78
78
326
195
297
243
78
78
208
260
244
279
245
246
247
248
303
195
342
249
297
218
207
255
195
114
250
251
218
303
252
255
8
207
347
195
195
187
253
235
195
254
195
297
195
326
256
207
75
293
342
279
297
78
257
326
165
195
195
38
258
218
75
9
165
78
195
195
333
259
297
203
260
273
207
75
195
195
195
195
303
195
78
279
262
250
261
262
78
263
264
342
195
265
10
141
165
78
187
266
267
304
207
255
304
179
262
268
67
18
269
203
159
195
297
303
342
238
230
238
75
270
271
206
75
272
218
273
218
274
11
195
12
237
195
297
275
203
303
78
276
293
304
255
195
75
107
255
277
78
195
278
279
207
13
280
304
203
281
303
78
209
78
96
282
195
279
255
195
255
142
342
78
195
13
75
195
255
78
283
75
284
285
14
286
342
287
15
288
347
289
290
291
203
293
203
21
303
195
303
292
203
347
195
78
195
203
297
294
295
296
78
207
298
62
347
203
195
207
13
207
285
303
347
299
78
16
78
300
195
78
301
203
187
187
347
342
293
114
195
347
203
139
302
17
304
195
195
304
78
201
303
78
303
78
203
304
305
75
306
218
307
195
304
293
238
262
308
22
347
209
195
255
195
78
203
187
309
78
310
304
75
78
195
195
342
262
311
78
195
19
310
340
18
203
312
218
293
347
313
195
342
342
279
314
297
218
218
304
326
342
225
315
195
316
297
347
262
317
218
342
75
78
195
318
195
187
195
319
293
255
303
303
320
326
207
195
303
195
78
342
321
271
203
322
195
195
195
230
262
323
19
78
114
149
324
78
326
325
326
327
347
165
304
271
20
303
328
329
230
24
121
78
195
78
207
195
195
206
297
78
330
262
304
280
297
293
331
236
75
304
332
195
255
218
333
75
334
335
187
297
206
304
336
284
195
326
195
326
74
284
187
167
342
279
337
347
304
230
342
304
195
78
255
303
78
338
326
78
218
167
203
342
339
195
340
303
207
262
203
78
218
78
186
279
303
195
78
341
218
21
342
22
207
24
230
347
255
293
23
218
195
24
326
303
165
343
203
75
187
304
344
218
218
78
345
273
78
346
218
344
347
347
218
304
187
293
78
348
347
349
342
203
195
297
218
78
195
326
187
78
255
275
195
195
267
350
78
37
75
310
209
255
351
141
207
293
303
110
187
187
187
304
78
25
26
297
326
326
326
255
255
255
303
27
207
28
326
195
29
29
30
75
31
195
32
262
33
218
36
36
326
326
326
140
34
34
262
304
218
218
218
218
35
347
347
195
195
195
195
195
195
195
195
195
195
195
195
195
36
37
78
78
78
38
38
78
342
304
78
78
39
203
203
40
41
42
303
203
284
43
44
45
46
46
46
47
48
49
50
51
347
342
187
218
78
303
303
52
53
53
54
55
56
57
58
59
171
195
273
60
75
165
304
203
195
342
61
62
75
75
63
63
64
64
65
297
66
158
67
68
69
70
279
279
279
279
71
262
195
195
255
255
255
127
72
207
207
73
74
203
75
75
304
304
303
76
77
77
78
79
80
271
187
78
78
347
187
78
81
82
82
326
304
83
83
84
78
187
203
255
203
226
85
86
78
87
88
89
90
279
207
91
92
93
94
262
262
95
203
203
294
78
96
303
78
297
230
97
98
187
218
99
100
101
187
207
207
207
102
114
207
207
103
104
105
1
207
207
195
195
238
106
106
107
107
107
293
326
326
108
109
110
111
112
113
114
114
115
293
116
117
118
118
262
230
195
195
78
284
273
273
119
119
120
121
293
122
123
124
207
177
125
347
126
304
127
203
255
128
230
230
129
130
347
347
131
132
132
78
78
133
255
255
134
135
136
137
138
139
78
297
297
140
141
326
142
142
143
144
145
145
273
146
147
78
297
78
207
207
207
207
148
347
149
137
150
157
151
195
152
153
279
2
187
154
154
348
326
3
347
155
203
347
297
195
156
157
158
159
171
342
342
195
160
161
162
163
164
165
165
293
166
4
167
168
169
170
230
230
195
171
172
121
293
173
173
173
121
174
304
304
175
218
207
176
177
178
179
262
262
262
297
262
180
181
181
182
347
293
78
78
183
207
184
185
262
262
78
5
5
262
195
187
186
293
188
189
302
230
190
6
191
192
193
194
195
195
203
303
207
75
218
195
196
196
197
198
199
200
201
195
195
273
195
202
255
255
204
204
205
206
207
279
208
209
203
210
211
262
262
262
212
195
213
195
214
214
203
255
255
215
279
216
217
279
219
279
220
207
221
121
222
222
117
223
342
345
224
230
225
226
227
228
293
262
262
230
229
230
203
238
218
231
232
233
234
303
303
235
235
7
262
114
107
236
236
342
237
255
238
239
187
78
240
187
78
241
242
195
243
78
260
244
279
245
246
247
248
195
249
218
207
207
255
250
250
251
218
252
8
253
195
254
297
256
293
342
279
297
78
257
258
75
9
165
195
333
259
297
203
260
260
273
195
303
303
261
262
262
263
264
265
10
165
165
266
267
304
255
262
262
268
269
203
297
342
270
271
272
273
274
11
195
195
12
297
275
303
78
276
75
277
278
279
13
280
280
281
303
96
96
282
195
195
195
195
195
326
13
75
195
283
284
285
285
14
286
287
15
288
289
290
291
203
292
347
203
294
295
296
297
298
195
207
299
16
78
300
195
301
203
342
347
302
17
195
303
304
305
75
306
307
238
262
308
309
310
310
304
342
262
311
78
195
18
203
312
218
218
313
326
314
218
315
316
262
262
317
75
78
318
319
255
320
326
207
321
322
195
323
19
78
324
325
326
326
327
347
20
328
329
195
330
297
297
293
331
332
333
334
335
304
336
284
195
326
326
337
338
78
167
339
195
195
340
303
203
195
341
218
21
342
22
293
23
24
343
187
304
344
345
346
347
218
78
348
349
342
78
350
209
351
207
293
