15
2
16
17
2
1
18
2
19
20
21
2
22
2
2
2
23
24
25
26
27
7
1
1
28
29
1
3
2
8
30
1
2
31
32
2
2
33
34
9
35
36
10
1
37
4
38
2
39
5
40
2
1
11
1
1
41
1
12
42
2
6
43
1
8
44
45
46
1
2
47
6
48
49
50
2
2
51
2
13
52
53
1
54
55
14
2
2
1
56
57
1
5
58
59
60
1
61
62
1
1
2
1
63
64
65
1
4
66
67
68
1
2
69
14
70
2
71
2
72
1
73
1
2
2
74
2
2
75
1
2
2
2
76
2
1
1
1
77
78
2
79
80
81
2
3
13
82
1
11
83
84
85
86
1
87
88
1
12
89
1
4
1
90
2
10
15
2
16
17
2
2
2
2
2
2
2
1
1
18
19
20
21
22
2
2
23
24
25
26
27
7
7
1
1
1
28
29
3
30
31
32
2
2
33
34
9
9
35
36
1
1
1
1
37
38
39
5
40
11
1
2
41
12
42
6
43
8
44
45
46
47
6
48
49
50
2
2
51
2
2
13
52
53
54
55
14
1
1
1
56
57
5
58
59
60
61
62
63
64
65
4
66
67
68
1
1
69
70
2
71
2
2
2
2
2
72
73
74
2
2
2
75
76
1
1
77
78
2
79
80
81
3
3
82
83
84
85
86
87
88
1
89
90
10
