2
24
25
1
2
2
4
26
7
2
1
27
28
2
1
29
30
1
1
8
2
31
1
2
9
32
10
11
1
33
34
2
2
4
35
36
1
1
37
1
38
39
40
41
42
1
1
2
1
3
43
12
2
44
13
3
45
46
1
47
2
14
48
49
5
2
2
1
15
50
16
51
17
52
53
54
1
55
1
56
57
1
1
58
59
18
60
1
61
1
2
62
63
1
2
64
65
66
67
19
1
2
68
69
1
70
1
7
71
2
1
72
6
13
73
16
1
1
3
2
1
12
2
1
20
1
3
74
75
1
19
2
76
77
1
78
79
80
1
81
82
83
2
2
84
85
2
86
87
88
2
89
1
1
90
91
4
2
2
2
1
92
93
4
5
1
1
94
1
95
1
2
96
1
1
3
2
1
21
97
98
1
1
99
1
4
100
2
101
3
102
1
103
1
1
104
21
105
1
2
106
107
108
4
109
2
2
110
4
2
111
2
2
9
112
113
2
4
114
115
2
1
2
1
1
3
4
1
116
117
2
2
1
1
11
2
118
119
120
2
2
121
3
1
14
1
2
2
22
5
1
3
122
123
124
10
2
1
1
2
2
2
2
1
2
125
126
2
23
127
4
1
2
4
128
3
20
129
1
1
1
130
131
4
22
23
1
132
133
1
6
134
135
2
2
4
136
1
137
3
1
1
138
24
25
1
2
26
7
2
2
2
2
2
27
28
29
30
1
1
8
8
2
31
1
2
32
1
33
34
2
35
36
1
1
1
1
1
1
1
37
38
39
40
41
42
1
1
3
43
12
44
3
45
46
47
48
49
5
2
2
2
2
2
2
2
2
15
15
50
51
17
17
52
53
54
55
56
57
1
1
1
58
59
18
18
60
1
61
2
2
62
63
64
65
66
67
68
69
70
71
72
13
73
16
3
74
75
1
1
1
19
2
76
77
78
79
80
81
82
83
2
2
84
85
86
87
88
89
90
91
92
93
4
4
1
94
1
1
95
2
96
3
97
98
99
1
100
101
3
102
103
104
21
105
1
106
107
108
109
110
2
111
2
2
9
112
113
2
4
4
2
114
115
2
2
4
116
117
11
118
119
120
121
14
3
122
123
124
10
2
2
2
2
125
126
23
127
2
128
3
20
129
1
130
131
22
132
133
6
6
134
135
2
136
137
1
138
