2
20
21
1
2
2
3
6
2
1
22
2
1
23
24
1
1
7
2
25
1
2
8
26
9
1
27
28
2
2
29
30
1
1
31
1
32
33
34
35
36
1
1
2
37
10
2
38
2
39
40
1
41
2
11
42
4
2
2
1
12
43
13
44
14
45
46
47
1
48
1
49
50
1
1
51
52
15
53
1
54
1
2
55
56
2
57
58
59
16
1
2
60
61
1
62
1
6
63
2
1
64
5
65
13
1
1
2
2
1
10
2
1
17
1
2
66
67
1
16
2
68
69
1
70
71
72
1
73
74
75
2
2
76
77
2
78
79
80
2
81
1
1
82
83
3
2
2
2
1
84
85
3
4
1
1
1
86
1
2
87
1
1
2
2
1
18
88
89
1
1
90
1
91
2
92
2
93
1
94
1
1
95
18
96
1
2
97
98
99
3
100
2
3
2
101
2
8
102
103
2
2
104
105
2
1
2
1
1
2
3
1
106
107
2
1
9
2
108
109
2
2
2
1
11
1
2
2
4
1
2
110
111
112
113
1
1
2
2
2
1
2
114
115
2
19
116
3
1
2
2
117
2
17
118
1
1
1
119
120
3
121
19
1
122
1
5
123
124
2
125
126
1
127
1
1
128
20
21
1
2
6
2
2
2
2
2
2
22
23
24
1
1
7
7
25
1
2
26
1
27
28
2
29
30
1
1
1
1
1
1
1
31
32
33
34
35
36
1
2
37
10
38
2
39
40
41
42
4
2
2
2
2
2
2
2
2
12
12
43
44
14
14
45
46
47
48
49
50
1
1
51
52
15
15
53
1
54
2
2
55
56
57
58
59
60
61
62
63
64
65
13
2
66
67
1
1
16
2
68
69
70
71
72
73
74
75
2
2
76
77
78
79
80
81
82
83
84
85
3
3
1
1
86
2
87
2
88
89
90
1
91
92
2
93
94
95
18
96
1
97
98
99
100
2
101
2
2
8
102
103
2
2
2
2
2
104
105
2
2
3
106
107
9
108
109
11
2
110
111
112
113
1
2
2
114
115
19
116
2
117
2
2
17
118
1
119
120
121
122
5
5
123
124
125
126
127
1
128
