16
2
1
17
2
1
18
2
19
20
21
2
22
2
2
2
23
2
24
25
26
27
7
1
1
28
29
1
3
2
2
8
30
1
2
31
32
2
2
33
34
9
35
36
10
1
37
4
38
2
39
5
40
2
1
11
1
1
41
1
12
42
2
6
13
1
8
43
44
45
1
2
46
6
47
48
49
2
2
50
2
14
51
52
1
53
54
15
2
2
1
55
56
1
5
57
58
59
1
60
61
1
1
2
1
62
63
64
1
4
65
66
67
1
2
68
15
2
2
69
2
70
1
71
1
2
2
72
2
2
73
1
2
2
2
74
2
1
1
1
75
76
2
77
78
79
2
3
14
80
1
11
81
82
83
84
1
85
86
1
12
87
1
2
4
1
88
2
10
16
2
1
17
2
2
2
2
2
2
1
1
18
19
20
21
22
2
2
23
24
25
26
27
7
7
1
1
1
28
29
3
2
30
31
32
2
2
33
34
9
9
35
36
1
1
1
1
37
38
39
5
40
11
1
2
41
12
42
6
13
13
8
43
44
45
46
6
47
48
49
2
2
50
2
14
51
52
53
54
15
1
1
1
55
56
5
57
58
59
60
61
62
63
64
4
65
66
67
1
1
68
2
69
2
2
2
2
2
70
71
72
2
2
2
73
74
1
1
75
76
2
77
78
79
3
3
80
81
82
83
84
85
86
1
87
88
10
