19
61
639
1
2
252
544
3
474
496
4
643
190
5
607
6
7
647
8
559
262
409
187
89
9
554
649
265
10
11
491
12
652
653
13
14
352
15
16
17
18
19
0
0
657
22
488
390
23
24
25
277
662
221
26
27
664
619
309
665
666
616
28
594
29
545
30
31
32
33
34
268
35
24
36
256
37
38
39
268
40
41
603
42
43
44
617
598
0
682
169
2
684
46
161
47
48
49
50
51
52
53
444
578
176
54
339
525
211
55
56
448
607
57
0
59
443
60
24
694
561
443
695
61
552
590
427
664
62
63
74
64
65
169
66
67
171
487
205
78
698
68
684
69
70
71
412
72
77
73
74
705
706
253
707
442
341
75
614
563
709
189
76
185
695
146
711
77
125
479
712
78
79
80
81
145
82
549
83
84
716
85
86
404
87
88
89
277
90
284
660
91
92
93
721
480
94
95
96
702
724
97
98
727
0
728
192
100
101
581
102
732
171
423
103
284
119
104
105
106
486
107
512
695
108
109
506
0
329
277
736
111
112
0
114
115
116
396
24
0
202
118
417
119
264
120
379
743
121
122
169
123
169
124
569
586
125
126
127
128
24
428
495
567
129
210
470
130
131
132
133
590
134
639
135
523
136
137
138
139
140
208
141
258
142
759
143
144
145
146
394
147
235
505
148
626
298
78
149
150
579
644
151
152
153
712
154
636
155
531
126
198
156
653
157
767
158
477
159
707
759
169
160
161
162
756
163
164
165
166
403
656
167
168
169
170
171
172
173
174
192
175
779
316
332
346
187
176
511
369
177
780
178
179
180
246
782
181
182
148
183
426
184
427
185
186
187
188
189
190
191
482
787
192
326
193
178
789
189
194
195
196
255
197
387
793
198
199
200
201
794
202
375
682
163
795
203
204
205
205
206
797
724
207
208
789
209
132
645
749
749
800
210
211
801
314
212
213
214
215
370
216
217
218
581
0
220
221
577
222
223
224
24
225
169
226
602
0
228
229
230
0
814
169
232
815
609
676
233
234
235
236
818
438
581
283
819
381
349
468
237
238
442
239
822
240
331
421
306
824
241
242
486
243
244
245
246
0
827
0
249
321
517
363
250
449
407
442
516
251
252
262
377
253
0
255
501
256
442
257
832
258
259
260
465
261
262
273
454
145
263
264
265
576
331
610
266
267
268
269
270
271
272
273
147
545
518
842
274
0
276
277
278
279
280
326
281
799
282
848
283
284
85
424
285
118
849
13
286
287
851
288
289
594
290
779
852
291
853
442
292
293
294
653
295
296
297
298
299
186
300
290
586
301
302
782
303
628
372
736
304
761
305
306
743
307
853
308
169
581
863
309
849
310
311
383
480
312
483
760
481
24
818
313
314
827
298
315
316
628
442
317
581
443
435
485
318
319
868
663
869
320
321
140
322
794
323
340
797
324
493
417
325
712
326
228
581
573
327
815
169
328
329
0
331
332
333
440
334
335
336
337
631
338
814
339
340
409
451
545
383
341
342
343
880
582
386
459
881
574
564
272
344
384
345
346
347
581
348
720
169
349
350
351
887
352
6
544
579
660
186
353
169
889
852
354
355
863
356
357
358
359
638
360
581
361
425
0
363
364
625
743
365
366
0
80
368
268
369
470
370
442
401
502
371
879
372
373
605
374
375
794
376
647
377
378
379
380
381
547
382
383
388
797
384
663
385
612
386
387
388
169
389
487
390
391
906
479
392
393
747
430
394
442
507
395
396
189
667
433
831
897
397
398
85
399
400
520
401
402
403
404
405
511
480
406
912
913
407
705
408
822
409
410
698
513
411
916
800
412
413
638
414
873
836
748
491
415
416
561
417
418
598
419
604
420
421
422
423
880
424
425
426
479
427
428
429
807
79
850
422
430
341
881
431
441
629
432
433
828
443
434
574
435
436
437
735
633
531
438
439
704
440
446
704
858
781
801
441
442
443
444
445
446
85
447
448
449
450
451
452
581
453
454
455
498
456
457
458
916
833
459
599
592
541
592
460
734
498
469
169
442
461
823
462
463
464
465
0
467
694
659
468
469
470
926
471
933
34
617
472
0
474
475
476
477
169
478
479
502
480
298
581
481
743
24
482
329
483
484
485
552
486
487
913
488
848
555
169
489
559
842
948
490
491
492
493
494
24
619
141
495
496
497
601
498
291
442
499
500
735
501
502
503
169
504
505
506
169
487
507
508
509
510
511
24
543
632
512
513
514
515
516
517
518
519
652
520
581
521
522
425
523
683
611
0
525
869
526
812
527
643
795
528
529
604
581
530
531
24
532
24
0
621
534
814
963
921
555
535
536
537
625
878
24
628
581
538
553
916
539
540
606
541
736
240
542
543
544
545
787
546
547
750
548
549
550
551
405
552
553
554
555
556
557
736
606
815
735
558
559
0
442
661
561
906
620
562
398
563
927
564
565
566
567
695
948
568
590
569
624
570
712
571
572
573
823
561
574
575
576
577
578
469
579
711
672
199
587
581
793
580
795
234
736
581
619
930
441
582
109
0
584
931
585
586
587
588
508
589
590
591
592
843
831
593
244
594
169
832
925
0
596
169
597
598
599
600
601
819
606
736
772
706
602
603
604
605
606
9
638
607
608
329
609
610
611
985
612
896
169
613
393
614
615
618
616
541
617
618
619
480
983
620
621
987
622
623
105
395
381
624
169
625
626
0
628
963
920
629
500
912
630
717
662
631
632
633
0
635
780
636
637
638
639
1
1
1
2
0
3
4
643
644
5
5
6
645
499
396
7
647
8
9
649
10
10
11
506
12
652
653
13
14
604
15
15
16
16
16
17
18
18
19
408
598
0
656
657
22
23
659
24
660
24
24
24
24
24
24
24
24
661
442
442
25
662
26
26
169
27
663
664
665
666
667
28
29
30
30
31
32
33
34
35
672
36
37
38
39
39
676
40
41
42
43
44
617
414
682
683
684
46
46
47
48
48
49
50
51
52
53
54
229
55
284
56
448
607
57
588
59
581
60
694
695
631
62
62
63
63
64
65
66
67
698
68
69
70
71
71
71
702
72
73
704
74
302
705
706
707
75
709
470
76
711
479
506
712
79
79
80
81
82
82
549
83
84
716
199
85
85
244
480
717
86
87
87
88
89
90
90
91
92
720
93
569
93
721
94
95
96
724
97
98
727
440
728
100
101
102
732
103
103
104
734
105
106
107
108
109
735
564
736
111
112
480
586
114
115
116
118
119
119
119
120
743
121
121
122
123
124
125
747
126
127
128
748
749
129
130
341
131
565
750
132
133
134
639
135
136
137
756
138
139
141
142
759
143
143
144
145
147
760
147
576
761
148
149
149
150
151
152
153
154
155
126
156
157
767
158
159
707
160
161
162
163
163
164
165
166
772
167
168
168
169
234
170
171
171
172
173
174
192
175
779
187
176
176
177
780
179
180
781
782
181
182
182
284
183
184
185
186
188
189
189
190
190
191
482
787
192
193
789
194
195
196
197
793
198
199
200
200
201
794
202
795
203
204
205
206
797
207
799
209
800
211
508
801
212
213
214
215
216
217
218
218
807
220
221
222
223
224
225
226
226
812
229
230
313
814
232
232
232
815
233
234
234
236
818
819
237
238
239
822
240
240
240
823
824
241
242
242
243
244
245
246
246
827
828
249
250
251
831
252
256
256
409
442
257
832
833
259
260
261
836
263
265
266
267
269
270
271
272
842
274
843
276
594
277
278
278
279
280
281
282
848
283
283
284
285
849
286
850
287
287
851
288
289
290
852
291
853
292
293
294
294
294
295
296
297
299
300
300
301
446
858
303
521
304
305
307
308
863
310
311
312
313
315
315
316
317
581
318
319
868
869
320
322
323
324
325
325
326
327
328
329
873
332
333
334
335
336
337
878
879
338
340
398
545
341
342
342
343
880
881
344
345
346
347
348
0
349
350
351
887
353
889
354
355
521
356
357
358
359
360
361
896
363
363
364
897
365
366
516
368
369
371
372
373
374
376
378
379
380
381
547
382
385
386
387
388
389
390
391
906
479
392
392
393
394
396
396
397
398
496
399
400
402
403
405
405
406
912
913
705
409
409
410
411
916
413
414
415
416
418
419
420
421
422
422
423
425
920
921
428
429
430
431
432
925
926
434
927
436
437
438
438
439
442
442
442
442
930
931
443
444
445
447
449
933
450
451
452
453
454
455
456
457
458
459
460
498
461
462
463
464
425
467
469
471
472
474
475
476
500
478
0
581
482
484
485
487
489
948
490
491
492
494
495
496
497
503
504
504
505
508
509
510
511
24
513
514
515
516
516
519
578
522
523
526
527
528
528
529
530
531
532
534
963
535
536
537
538
539
540
542
543
544
546
548
549
549
550
551
554
556
557
558
562
564
564
602
566
568
570
571
572
574
575
576
577
579
579
580
584
585
587
589
590
629
591
592
593
596
597
598
599
600
601
983
603
606
608
610
611
985
613
615
987
618
620
621
622
623
628
630
633
635
636
637
