287
288
1
2
90
3
4
275
291
5
226
6
294
7
8
9
298
194
10
281
11
12
13
14
303
10
15
16
17
18
308
309
84
19
20
21
22
259
172
23
24
213
314
25
3
26
214
27
28
29
10
30
31
32
225
33
34
35
36
287
37
326
213
174
38
39
40
41
42
205
43
130
84
133
44
45
84
84
46
47
48
49
50
51
60
52
53
54
281
55
342
232
239
56
57
58
10
59
60
61
62
84
264
63
64
10
204
65
66
67
68
350
69
288
70
71
72
286
73
10
213
74
106
100
75
76
77
78
79
80
81
84
82
83
286
84
85
86
87
88
279
89
169
148
84
90
10
91
92
93
94
95
309
96
122
97
98
99
100
101
102
103
10
84
104
274
379
105
106
84
107
108
109
308
382
189
110
111
213
112
113
166
114
115
386
130
116
117
118
119
120
145
84
121
122
123
124
125
126
127
128
166
129
130
131
132
176
303
133
134
135
136
137
138
203
139
140
141
253
220
142
143
144
213
145
146
147
148
149
222
150
151
152
153
160
154
155
156
223
10
157
213
158
159
160
161
264
162
417
163
160
84
164
165
166
420
167
168
169
170
171
172
200
173
303
174
175
255
176
177
178
308
179
180
181
298
245
84
182
183
184
84
271
160
434
185
213
186
187
188
189
190
191
192
193
84
225
194
442
222
195
207
196
197
213
444
198
199
54
223
278
446
200
239
342
201
448
253
202
203
222
204
205
206
207
212
451
208
209
210
337
211
212
213
214
280
10
215
120
216
217
218
219
272
213
220
451
221
462
84
222
463
223
160
434
10
224
225
332
84
133
226
227
10
228
229
230
10
0
242
84
232
281
225
10
233
10
234
235
236
326
160
237
238
239
240
160
84
10
463
241
475
10
308
242
243
244
245
246
247
248
249
448
250
251
252
475
213
253
254
255
256
257
407
258
259
260
261
160
485
262
379
326
455
263
264
265
266
267
268
444
269
485
84
270
271
281
272
382
273
274
275
281
276
84
277
307
278
490
279
420
84
280
281
282
462
283
284
285
286
287
288
1
2
3
3
4
4
291
5
232
6
294
7
8
9
298
10
213
10
10
10
10
10
10
10
10
10
11
12
13
14
303
15
16
17
18
307
308
309
19
20
21
22
23
24
45
314
25
26
27
28
29
30
31
32
33
34
35
36
37
326
38
39
40
41
42
43
43
84
84
332
44
45
84
46
47
48
337
49
50
51
52
52
53
54
55
342
56
57
57
58
59
60
61
62
63
63
64
65
66
67
68
68
350
69
70
71
72
73
10
74
75
76
76
77
78
79
80
80
81
82
83
84
133
84
85
86
87
88
89
90
90
91
92
93
94
95
96
97
98
99
100
100
101
102
103
104
379
105
105
106
213
107
108
109
382
110
111
112
113
113
222
114
114
115
386
116
117
118
119
120
84
121
123
124
124
125
126
126
127
128
129
130
131
132
140
133
134
135
136
137
137
138
139
140
141
142
143
144
145
146
147
407
149
150
150
151
152
153
160
154
155
156
156
157
213
158
158
159
160
160
161
264
162
417
163
164
165
166
420
167
168
170
171
172
198
173
175
176
177
178
179
180
181
182
183
184
434
185
186
187
188
190
191
192
193
194
442
195
195
196
197
197
444
198
199
446
200
201
448
202
203
204
205
206
207
451
208
209
210
211
212
213
213
455
275
214
215
216
217
218
219
220
221
462
222
463
224
226
227
228
229
230
10
232
233
233
10
234
235
236
237
238
239
240
84
84
241
241
475
242
243
243
244
245
246
247
248
249
250
251
252
253
254
255
256
257
258
258
259
260
261
485
262
263
265
266
267
268
269
490
270
271
281
272
273
274
276
277
280
281
282
283
284
285
286
