1
2
3
4
5
6
7
5
8
9
10
75
11
57
2
12
13
14
15
16
17
18
30
30
19
20
36
118
5
41
21
30
5
22
23
24
75
25
26
27
28
29
100
30
31
98
32
75
33
34
35
5
30
130
36
30
37
58
132
38
75
39
40
70
41
42
43
44
30
75
45
46
47
48
49
50
73
51
52
144
53
54
58
55
56
149
5
57
58
59
60
58
61
62
58
63
64
30
30
5
58
65
66
67
30
158
68
69
70
75
71
149
72
73
74
75
76
30
77
58
5
5
78
79
80
81
30
75
5
5
82
143
58
58
30
83
84
5
85
86
87
75
88
144
89
58
130
90
91
92
93
30
94
95
96
132
97
30
98
30
99
167
100
1
2
3
4
5
5
5
5
5
5
5
6
7
8
9
10
11
12
12
13
14
15
16
17
18
30
58
30
30
19
20
118
21
22
23
24
24
25
26
27
27
28
29
30
30
30
30
31
32
33
34
35
130
36
75
37
132
38
39
40
41
42
43
44
45
46
47
48
49
50
50
51
52
143
144
53
54
55
56
149
58
58
58
59
60
61
62
63
64
65
66
67
158
68
69
70
70
71
72
73
74
75
75
75
75
75
76
77
78
79
167
80
81
82
30
30
83
84
5
85
86
87
88
88
89
90
91
92
93
94
95
96
97
99
100
