1
51
2
3
4
5
6
7
8
9
10
11
12
13
51
14
51
15
16
44
17
18
60
19
50
20
21
31
88
51
22
51
23
24
25
26
44
27
51
94
28
51
95
29
30
31
32
33
34
36
35
36
36
37
36
38
39
40
36
41
42
43
44
45
46
47
48
49
50
51
36
59
52
53
115
54
88
55
36
56
57
58
59
60
36
61
36
62
63
64
65
66
115
51
67
1
2
3
4
5
6
7
8
9
10
11
12
13
14
15
16
51
17
18
19
20
21
88
51
22
23
24
25
25
26
27
94
28
95
29
30
31
31
31
32
33
34
35
36
36
37
38
39
40
41
42
43
44
45
46
47
48
49
50
51
52
53
115
54
55
56
57
58
59
60
61
62
63
64
65
66
67
