14
2
15
16
2
17
18
2
19
20
21
2
22
2
2
2
23
24
25
26
27
28
1
1
29
30
1
3
2
7
31
1
2
32
33
2
2
34
35
8
36
37
9
1
38
4
39
2
40
5
41
2
1
10
1
1
42
1
11
43
2
6
44
1
7
45
46
47
1
2
48
6
49
50
51
2
2
52
2
12
53
54
1
55
56
13
2
2
1
57
58
1
5
59
1
60
61
1
1
2
1
62
63
64
1
4
65
66
1
2
67
13
68
2
69
2
70
1
71
1
2
2
72
2
2
73
1
2
2
2
74
2
1
1
1
75
76
2
77
78
79
2
3
12
80
1
10
81
82
83
84
1
85
86
1
11
87
1
4
1
88
2
9
14
2
15
16
2
2
2
2
2
2
2
17
18
19
20
21
22
2
2
23
24
25
26
27
28
1
1
1
1
29
30
3
31
32
33
2
2
34
35
8
8
36
37
1
1
1
1
38
39
40
5
41
10
1
2
42
11
43
6
44
7
45
46
47
48
6
49
50
51
2
2
52
2
2
12
53
54
55
56
13
1
1
1
57
58
5
59
60
61
62
63
64
4
65
66
1
1
67
68
2
69
2
2
2
2
2
70
71
72
2
2
2
73
74
1
1
75
76
2
77
78
79
3
3
80
81
82
83
84
85
86
1
87
88
9
