72
6
1
1
33
73
3
61
39
12
1
36
7
16
40
9
4
1
1
34
1
24
1
1
71
36
21
99
3
1
1
4
1
13
32
13
10
7
55
1
74
56
1
30
1
29
2
1
14
57
13
75
1
38
9
11
1
1
4
4
1
1
18
32
76
15
4
77
6
1
1
5
33
6
19
1
48
13
6
1
4
2
3
78
1
1
19
11
51
39
3
24
31
38
1
3
62
44
30
11
19
35
2
1
41
22
63
54
5
3
32
45
1
40
25
1
45
15
1
2
79
4
2
18
3
58
19
42
49
1
2
9
13
2
1
1
6
80
1
7
4
46
49
2
8
1
17
34
64
1
11
65
1
18
81
82
19
9
1
52
37
24
27
1
1
1
23
4
2
6
1
10
1
1
46
7
10
1
18
1
8
31
26
3
1
7
4
1
1
1
28
2
1
1
2
1
17
1
43
42
18
1
7
10
1
83
84
35
13
27
16
55
5
34
53
25
66
4
41
1
9
7
12
26
50
1
85
9
2
13
47
45
6
1
30
3
8
14
1
23
2
9
1
1
3
25
33
12
9
36
2
9
20
1
3
1
5
1
3
4
67
11
6
2
4
17
3
16
9
10
1
1
26
7
11
1
2
1
68
1
2
1
15
19
35
8
24
22
69
1
22
1
2
68
29
1
11
41
86
1
5
1
39
7
1
6
7
1
1
1
2
14
1
35
1
87
10
36
3
1
3
6
1
88
17
2
6
89
6
1
51
14
12
90
91
7
4
1
57
62
1
8
15
1
1
52
1
1
1
1
9
2
2
9
27
11
1
1
1
1
1
3
41
1
10
1
2
32
7
1
19
20
1
44
1
3
22
59
15
1
43
2
1
1
22
3
13
1
8
18
39
1
4
31
33
3
1
3
10
1
6
6
59
43
1
37
4
1
5
12
92
70
16
17
1
16
5
35
14
7
7
1
11
18
3
1
1
1
13
1
4
8
5
21
12
1
93
1
1
22
1
94
21
1
12
12
4
47
12
7
95
33
31
3
11
96
29
37
1
1
5
1
2
2
1
1
1
5
1
1
11
1
20
1
1
1
2
1
1
5
2
15
1
34
1
1
14
5
1
11
8
3
8
13
2
56
6
29
28
2
1
2
23
1
1
7
1
60
1
4
12
11
1
20
1
9
38
4
1
1
20
4
44
1
1
4
11
2
1
26
1
1
8
5
7
64
1
1
9
25
1
1
1
97
98
15
1
1
20
31
7
10
28
27
48
1
15
1
5
23
10
49
1
1
6
1
1
1
1
25
15
1
1
1
1
10
1
1
1
72
12
1
73
3
3
30
61
39
12
1
7
40
40
9
1
1
70
34
6
71
21
99
50
1
4
1
13
32
74
56
1
14
30
42
13
13
13
75
38
1
18
32
76
4
21
77
10
1
5
6
20
48
6
6
2
78
1
23
29
11
51
3
38
16
16
19
35
1
22
63
54
5
25
15
1
1
1
45
23
79
2
58
42
66
17
80
9
17
1
23
46
2
8
65
81
82
9
52
24
24
60
47
10
10
53
2
1
46
46
18
16
1
26
3
22
27
28
28
1
18
10
83
84
55
50
85
9
33
9
47
2
3
33
12
3
5
3
3
4
67
19
24
69
86
5
7
1
87
88
89
12
90
91
15
2
3
59
4
13
39
1
92
17
5
1
8
93
94
21
21
12
12
12
95
96
1
1
1
8
2
20
20
11
97
98
1
10
