32
23
24
25
15
226
26
13
47
27
211
28
141
29
30
31
32
6
13
14
33
34
35
36
37
13
38
39
40
41
99
42
14
14
43
44
45
18
4
46
111
13
13
13
226
47
198
48
49
50
13
51
52
53
15
54
55
56
57
32
58
119
13
84
59
60
61
62
63
8
64
135
14
99
65
142
14
14
66
67
68
69
70
71
119
72
73
13
14
74
199
211
12
75
209
76
13
119
119
77
78
14
162
79
80
13
7
13
81
82
83
84
85
23
86
87
88
22
89
13
13
235
2
1
90
91
92
93
94
95
96
14
97
98
22
14
100
101
102
103
21
104
83
150
14
15
13
105
106
107
108
109
42
166
11
110
111
112
1
113
114
115
13
14
116
20
117
14
2
14
118
119
120
99
121
21
14
122
13
123
135
3
124
125
141
14
119
126
127
128
234
119
14
129
11
13
199
130
131
132
133
3
134
135
136
137
5
37
99
138
139
140
141
142
15
143
99
144
16
11
145
146
147
13
119
148
149
150
151
135
152
153
154
155
99
156
157
158
199
13
159
13
160
161
99
245
162
163
189
164
99
14
165
166
3
167
168
169
83
170
171
4
192
172
37
84
173
17
5
174
175
99
14
176
177
32
14
14
178
179
180
14
243
99
181
182
13
183
184
185
21
186
187
188
189
14
15
6
21
135
190
9
191
83
13
13
192
193
13
199
119
15
192
12
199
194
195
16
196
15
135
7
8
197
9
10
198
199
200
201
69
202
10
13
198
13
13
203
234
204
205
206
207
19
13
11
198
208
13
14
135
209
199
99
181
13
210
15
14
14
99
211
212
13
213
214
215
13
13
166
14
211
14
13
13
216
13
217
218
219
119
99
220
221
12
222
99
14
13
209
223
119
13
99
166
224
225
14
226
227
228
229
195
230
231
13
119
13
16
232
17
233
199
150
234
18
235
236
99
209
237
117
119
13
14
162
238
239
13
240
13
241
209
14
242
243
14
19
121
244
20
13
14
245
14
246
41
119
241
21
167
14
13
14
247
13
248
249
250
22
32
23
24
25
226
226
26
26
47
27
211
28
141
29
30
31
32
13
13
13
13
13
13
13
13
13
13
13
33
34
35
36
37
38
39
40
41
41
99
42
14
43
44
45
46
111
142
13
13
47
48
49
50
51
52
53
54
55
56
57
58
119
59
60
61
62
63
64
64
14
14
14
65
142
14
66
67
68
69
69
70
71
72
72
73
13
74
199
75
209
209
76
119
119
77
78
79
79
80
13
81
82
83
83
84
85
86
87
88
89
13
235
90
91
91
92
93
94
95
95
96
97
98
14
99
14
100
101
102
103
104
15
15
105
106
107
108
109
166
110
111
112
1
1
113
114
115
116
117
14
14
2
13
118
119
120
121
14
122
123
135
135
135
124
124
125
141
119
126
127
128
234
14
129
13
199
199
130
131
131
132
133
134
135
136
137
99
99
138
139
140
141
141
142
143
99
144
145
146
147
119
148
149
150
151
152
152
153
154
155
99
156
157
158
158
159
13
160
160
161
99
99
245
162
163
189
164
165
166
3
167
168
169
170
171
4
192
172
173
5
174
175
14
176
177
178
179
180
181
182
183
184
185
186
187
188
189
6
21
190
190
191
83
83
13
192
193
15
192
194
195
196
15
7
8
197
9
198
199
200
201
202
10
13
13
13
13
198
203
204
205
206
207
11
208
13
135
209
210
211
212
213
214
215
13
211
216
216
13
217
218
219
220
221
12
222
14
14
223
223
119
166
224
224
225
14
226
227
228
229
230
231
13
16
232
17
233
199
234
234
18
235
236
209
237
14
238
239
13
240
241
241
242
243
14
19
244
20
245
246
13
14
247
248
249
250
22
