132
39
182
211
93
274
369
197
249
327
130
219
339
216
28
63
4
285
361
110
145
250
49
128
89
106
129
260
1
5
148
362
99
120
9
4
44
149
75
16
178
301
109
340
55
22
341
106
35
279
328
150
118
111
316
254
274
280
281
70
121
112
165
262
179
250
64
211
178
17
31
41
86
370
189
48
23
1
233
363
45
25
151
112
191
317
1
118
2
133
2
73
275
128
234
111
170
329
286
220
152
94
65
198
66
371
95
18
372
87
171
106
317
285
166
50
1
357
110
80
373
287
165
288
487
85
14
239
364
56
199
36
57
342
365
110
76
60
200
134
251
263
234
219
28
2
302
145
374
28
375
81
177
135
112
102
85
96
338
9
172
310
121
21
239
198
90
99
192
10
86
153
154
360
67
100
37
11
268
155
254
34
1
40
200
71
122
49
77
122
117
146
1
366
22
221
136
343
131
55
76
201
136
93
197
183
234
61
64
73
26
367
5
103
200
269
232
212
101
1
123
17
2
242
115
488
376
32
112
235
172
102
35
91
289
11
90
124
12
249
182
81
270
14
241
311
22
133
81
26
368
193
32
67
78
42
377
7
305
32
227
24
155
107
82
113
222
1
222
173
7
156
64
174
284
223
94
344
44
319
70
269
320
12
93
167
255
7
35
83
48
378
71
184
150
270
264
228
132
239
235
99
78
2
81
379
380
180
2
269
185
2
165
26
51
100
11
6
125
381
271
116
234
382
75
345
290
212
2
1
193
306
269
383
76
74
40
224
9
202
102
2
193
198
384
82
44
256
229
203
113
168
3
216
46
257
385
259
252
2
283
204
152
137
213
30
178
214
221
126
13
386
191
272
125
34
198
101
234
74
25
61
285
252
36
121
156
262
205
150
17
204
15
100
50
86
276
22
346
149
100
171
347
145
35
60
107
1
138
312
387
56
12
358
58
38
168
97
29
388
125
263
249
35
167
271
259
193
70
348
149
236
2
282
1
119
19
80
32
66
148
83
120
104
1
1
302
389
33
225
79
196
157
42
46
132
390
18
122
186
18
1
391
243
26
268
249
222
256
137
53
349
392
15
166
156
127
104
27
393
36
229
212
2
282
29
307
41
206
74
321
225
229
121
63
197
296
185
235
167
13
158
244
394
236
1
97
16
245
1
147
297
395
170
32
127
262
171
396
4
217
313
207
218
175
298
13
113
72
73
397
230
21
208
243
291
2
207
112
199
153
147
83
272
276
181
274
10
330
7
174
282
57
314
169
68
265
41
212
2
15
110
135
128
246
104
154
221
246
20
62
19
28
308
2
185
91
19
54
277
14
53
266
111
243
119
180
32
194
181
2
67
21
291
265
76
272
398
298
31
137
291
208
130
203
139
399
8
59
126
299
245
167
252
241
183
316
5
131
12
63
70
206
178
139
172
65
60
66
331
89
81
400
134
15
246
292
32
159
350
401
18
402
225
241
31
110
276
313
65
351
338
1
190
310
106
78
403
322
119
71
223
230
124
112
242
170
98
103
293
184
92
84
296
94
312
257
146
288
88
91
196
53
404
50
352
81
206
15
98
182
303
149
147
224
229
166
65
405
1
101
247
165
126
83
64
46
175
311
237
43
187
96
209
86
88
111
85
65
255
133
87
194
406
216
208
35
407
138
408
54
409
236
15
44
244
79
3
36
57
118
231
130
139
248
410
411
1
2
227
174
2
90
57
28
81
239
241
179
301
202
2
238
160
83
218
230
285
107
2
19
412
160
257
77
14
314
73
49
85
159
185
7
148
413
62
41
57
3
30
170
13
109
263
140
318
23
305
414
50
415
229
90
87
82
1
181
79
297
323
168
7
189
159
33
231
64
240
294
1
71
416
105
417
117
267
100
68
209
25
418
419
74
10
39
8
187
14
332
13
67
420
159
226
145
141
421
92
287
68
51
154
23
20
359
131
223
1
300
295
105
422
63
80
214
75
86
21
65
212
16
280
113
85
33
87
236
203
43
80
55
94
217
23
423
264
105
38
219
297
68
131
40
142
13
271
75
7
213
28
188
192
76
235
424
110
168
341
250
26
175
29
7
12
167
43
67
160
425
14
349
426
36
297
255
64
348
190
142
115
6
34
7
12
87
34
13
95
9
77
44
176
143
161
49
25
131
65
192
321
105
307
125
233
159
214
69
166
333
7
169
30
191
254
156
3
108
270
80
44
13
56
204
333
195
33
69
59
142
215
294
201
221
310
17
243
427
129
428
231
156
237
320
85
429
54
24
274
226
244
283
135
30
330
26
70
306
17
19
353
311
27
48
48
62
59
273
288
61
117
430
52
279
431
252
106
154
208
40
294
35
108
237
92
175
251
68
2
3
130
158
111
207
195
240
193
192
11
264
142
2
40
223
232
432
243
55
138
1
62
218
1
332
54
433
125
45
47
284
254
119
85
244
352
334
8
139
3
115
136
77
335
97
260
162
114
8
247
191
329
112
37
159
283
37
434
80
435
194
278
171
116
177
40
114
222
105
1
39
119
128
161
176
354
1
175
58
292
133
159
209
2
40
250
3
134
436
1
124
296
253
2
51
204
15
43
180
173
133
216
437
136
74
100
5
139
116
72
11
162
38
161
273
95
11
173
273
102
221
248
123
154
1
97
88
189
93
224
153
293
80
18
7
190
256
6
205
181
275
2
13
3
130
307
151
233
258
245
4
318
163
206
87
127
130
124
438
439
104
180
41
8
8
56
4
18
1
288
97
102
290
181
8
70
206
148
2
9
129
223
281
259
124
160
336
104
1
64
319
4
440
24
106
3
6
86
149
9
132
220
114
58
276
54
35
89
441
277
90
442
266
14
188
153
291
228
315
47
164
54
58
324
1
94
253
443
116
117
299
53
195
337
7
257
304
84
4
444
445
57
53
123
120
86
18
201
263
242
266
140
446
12
88
13
11
28
182
88
6
208
132
186
140
224
84
85
218
238
185
77
234
99
331
97
119
28
2
1
296
130
242
3
215
140
27
103
57
281
163
156
169
165
98
55
38
158
2
179
1
220
6
65
180
1
141
5
183
91
200
176
127
143
125
247
447
161
230
2
162
276
448
210
35
108
194
1
164
325
62
23
184
147
308
62
183
40
127
271
196
182
181
6
115
449
223
179
107
110
450
337
20
168
16
1
151
247
118
24
451
85
200
36
452
267
83
64
78
230
18
174
162
4
199
237
280
175
249
303
235
31
453
232
70
36
454
40
114
186
201
125
54
58
455
26
133
18
211
180
14
34
226
126
144
213
154
259
10
108
149
48
325
183
227
187
27
5
225
178
456
120
6
69
144
165
42
224
457
458
151
59
56
11
143
459
261
460
316
174
175
136
248
215
46
26
253
115
73
77
188
16
260
8
281
257
187
19
170
26
2
57
129
324
216
169
233
324
144
461
108
203
194
160
151
1
164
462
136
86
463
332
10
233
2
69
22
23
87
113
309
273
261
216
188
3
353
191
76
153
173
58
278
326
195
93
127
219
76
43
350
250
267
155
88
51
292
133
227
78
194
162
1
64
464
158
196
66
163
130
171
194
198
278
302
293
274
465
1
210
74
47
289
74
235
155
68
66
215
304
345
290
125
76
23
305
52
302
27
228
102
60
89
309
61
173
34
15
99
217
48
201
11
151
12
347
24
110
2
91
50
44
271
236
355
42
169
31
2
53
251
27
166
4
40
84
176
466
299
96
3
138
35
6
188
96
1
5
1
227
134
204
243
40
335
73
25
85
111
185
101
25
356
189
48
228
7
190
295
2
266
239
106
3
204
164
342
135
303
232
467
199
468
185
176
98
336
148
205
1
135
228
68
20
48
238
158
145
27
284
278
187
469
2
1
82
1
72
43
131
32
143
55
17
334
2
106
113
78
470
238
286
174
150
2
101
190
1
37
209
176
258
63
216
1
21
1
96
123
78
160
290
121
221
18
45
51
305
168
20
1
300
226
29
122
9
215
327
471
279
194
3
17
76
330
195
19
282
59
472
156
117
92
4
207
20
155
48
191
184
202
250
473
230
45
39
189
197
74
15
34
3
474
211
60
2
1
210
315
354
213
1
56
47
103
114
74
123
36
183
66
199
29
295
109
237
294
258
156
51
172
475
10
265
295
1
131
3
304
19
26
302
267
217
476
30
477
1
92
186
1
326
275
52
96
119
33
118
61
67
123
115
129
121
8
209
315
95
34
478
69
92
56
2
89
114
178
219
45
11
265
287
479
54
215
147
112
73
26
340
171
295
166
323
52
100
240
59
4
14
146
2
186
49
37
1
34
201
140
2
195
184
77
174
144
7
169
181
89
46
53
57
157
45
142
48
139
164
33
214
145
149
47
141
5
258
125
171
58
242
169
188
110
59
213
44
206
32
4
231
20
152
116
18
323
69
29
39
61
153
1
4
75
4
161
261
255
66
157
248
3
55
29
239
1
72
177
53
7
52
3
129
6
5
151
480
95
91
79
46
50
62
8
356
71
122
19
248
210
246
127
3
214
94
481
26
121
163
268
105
59
62
2
21
277
11
154
62
80
29
170
84
2
141
124
105
142
21
4
10
114
72
245
215
137
145
21
294
2
233
209
251
135
71
227
127
5
53
13
103
13
10
284
189
49
126
35
163
8
482
52
62
31
294
2
138
275
298
83
58
56
162
71
256
267
123
51
111
69
34
43
86
279
49
247
109
164
128
4
120
147
5
267
61
134
483
204
64
2
49
72
117
177
220
322
19
35
2
100
303
97
1
2
100
120
153
189
277
220
1
60
134
484
34
99
42
6
5
5
116
39
275
20
246
32
61
103
236
99
172
203
186
205
485
198
186
95
21
167
1
140
292
5
2
144
27
97
92
72
10
160
1
4
2
222
154
59
59
259
1
182
486
238
153
9
317
45
139
98
37
115
54
16
7
240
138
187
80
7
60
83
157
99
298
37
20
4
182
182
93
274
369
203
219
339
339
285
361
110
49
49
128
129
1
298
129
136
65
1
128
1
362
99
120
120
44
16
301
301
301
109
22
106
31
35
328
328
150
118
118
101
118
254
254
274
280
281
70
165
165
57
262
190
262
262
64
64
211
178
251
31
31
31
19
41
41
370
23
1
1
1
1
117
1
1
1
115
1
1
363
51
163
45
151
112
191
317
118
2
2
133
84
200
234
170
286
286
94
94
171
371
95
18
7
18
50
372
6
106
37
50
7
66
357
110
373
287
287
288
288
487
85
239
364
199
57
365
110
76
307
60
60
200
251
234
107
145
374
28
375
92
177
177
135
112
102
101
96
338
172
21
21
192
192
360
100
268
268
7
34
17
1
71
126
77
51
210
366
22
150
55
285
3
221
343
76
93
197
183
90
61
367
103
103
232
232
212
212
1
1
1
123
123
246
166
218
242
242
488
376
32
102
102
35
91
289
289
11
124
249
81
85
14
311
368
193
193
193
42
377
32
227
227
155
143
107
82
275
265
222
174
223
344
344
319
319
70
228
269
82
164
320
93
167
255
35
7
378
71
270
270
264
264
228
99
188
81
379
380
180
114
41
2
137
116
2
9
269
26
51
196
100
11
11
6
381
271
382
75
141
212
212
2
2
245
183
188
306
383
76
74
74
9
202
102
193
384
44
256
203
113
113
46
224
385
259
259
252
252
252
283
152
152
83
178
214
386
125
34
198
198
234
74
250
231
61
61
153
262
205
205
150
17
15
52
50
86
276
266
22
22
56
256
1
346
346
347
60
387
56
12
358
58
38
38
304
309
128
97
29
388
125
167
167
119
80
32
66
148
148
120
120
104
90
148
389
33
79
196
390
18
122
122
105
313
157
391
26
268
137
349
392
13
127
104
393
173
212
225
197
235
167
244
394
186
245
297
395
127
396
217
217
217
313
207
218
175
113
397
230
21
208
208
2
147
282
282
314
314
213
68
15
142
27
135
246
154
154
28
28
308
308
185
91
277
277
14
14
14
111
243
243
132
32
194
67
67
18
67
265
272
272
272
398
287
137
137
291
291
130
203
203
25
399
126
299
299
299
245
245
252
241
241
183
316
151
89
172
400
134
184
83
16
292
261
159
401
18
18
402
225
351
351
258
103
29
190
190
310
403
322
124
98
98
98
88
293
184
92
194
312
312
146
196
53
404
50
80
98
166
65
405
109
165
40
253
83
83
64
237
43
187
96
209
86
88
255
133
87
406
216
208
35
407
408
54
409
236
44
244
79
79
36
120
21
57
118
248
410
411
174
28
239
202
160
218
218
1
412
257
77
159
185
224
413
89
263
414
415
229
229
90
87
1
181
168
168
33
33
123
33
152
231
240
71
416
417
267
209
418
419
74
39
8
13
67
67
420
226
421
23
23
359
131
223
105
422
63
63
63
75
280
59
293
80
80
303
108
423
264
264
75
213
192
235
424
341
67
160
425
14
14
426
297
348
34
87
34
34
77
176
49
25
158
65
192
321
321
307
233
233
69
7
169
30
30
125
205
191
156
270
270
44
333
69
69
142
142
142
201
195
427
129
428
237
429
54
54
24
24
24
127
226
244
135
26
306
306
306
17
84
48
273
430
279
431
40
92
68
130
158
207
207
232
432
1
433
254
85
352
260
247
191
329
283
434
435
171
177
177
222
39
161
176
175
225
58
292
159
3
436
253
204
204
15
437
74
100
295
116
11
38
161
246
95
11
173
173
273
273
157
221
248
97
97
293
2
13
130
130
318
206
87
127
438
439
104
41
97
181
281
124
336
440
24
86
35
56
132
132
220
220
114
240
441
442
315
47
443
53
7
444
445
18
263
266
140
446
12
88
218
238
185
331
97
119
158
1
296
3
140
103
163
158
179
180
5
200
127
447
161
230
162
448
62
184
147
147
271
182
25
449
107
450
337
20
168
24
451
36
452
267
199
280
453
70
70
454
40
114
54
455
133
226
144
144
10
108
149
48
325
220
225
456
42
42
42
457
458
59
59
56
56
11
459
460
215
253
253
73
73
77
188
260
260
57
129
461
1
1
1
1
335
462
136
86
463
58
69
23
87
113
309
309
261
353
76
278
326
93
220
350
250
227
162
464
278
465
289
235
345
290
102
15
201
151
231
24
2
44
355
355
2
53
251
27
4
466
96
138
40
101
266
106
342
467
468
205
1
27
238
145
469
55
17
334
78
470
238
286
63
1
160
121
121
305
168
168
300
300
300
327
471
76
19
472
92
184
473
197
197
74
474
211
60
60
210
354
47
475
304
476
30
477
326
115
8
478
479
147
112
340
323
146
146
181
139
145
258
242
44
206
18
69
29
261
480
356
214
214
481
26
121
163
141
142
72
5
53
10
284
284
482
2
111
69
49
134
483
322
100
1
134
484
5
103
485
144
160
2
2
259
486
138
157
