2
20
21
1
2
2
3
6
2
1
22
2
1
23
24
1
1
7
2
25
1
2
8
26
9
1
27
28
2
2
29
30
1
1
31
1
32
33
34
35
36
1
1
2
37
10
2
38
4
39
1
40
2
11
41
5
2
2
1
12
42
13
43
14
44
45
46
1
47
1
48
49
1
1
50
51
15
52
1
53
1
2
54
55
2
56
57
58
16
1
2
59
60
1
61
1
6
62
2
1
63
17
64
13
1
1
4
2
1
10
2
1
18
1
65
66
1
16
2
67
1
1
68
69
70
71
72
73
2
2
74
75
2
76
77
78
79
1
1
80
81
3
2
2
2
1
82
83
3
5
1
1
84
1
2
85
1
1
2
2
1
19
86
87
1
1
88
1
89
2
90
91
1
92
1
1
93
19
94
1
2
95
96
97
3
98
2
3
99
2
8
100
101
2
2
102
103
2
1
2
1
1
2
3
1
104
105
2
1
9
2
106
107
2
2
2
1
11
1
2
2
5
1
108
109
110
111
1
1
2
2
2
1
2
112
113
2
114
3
1
2
2
115
2
18
116
1
1
1
117
118
3
119
120
1
121
1
17
122
123
2
124
125
1
126
1
1
127
20
21
1
2
6
2
2
2
2
2
2
22
23
24
1
1
7
7
25
1
2
26
1
27
28
2
29
30
1
1
1
1
1
1
31
32
33
34
35
36
1
2
37
10
38
4
4
39
40
41
5
2
2
2
2
2
2
2
2
12
12
42
43
14
14
44
45
46
47
48
49
1
1
50
51
15
15
52
53
2
2
54
55
56
57
58
59
60
61
62
63
64
13
4
65
66
1
1
16
2
67
1
68
69
70
71
72
73
2
2
74
75
76
77
78
79
80
81
82
83
3
3
1
84
2
85
2
86
87
88
1
89
90
91
92
93
19
94
1
95
96
97
98
99
2
2
8
100
101
2
2
2
2
2
2
2
102
103
2
2
3
104
105
9
106
107
11
108
109
110
111
1
2
2
112
113
114
2
115
2
2
2
18
116
1
117
118
119
120
121
17
122
123
124
125
126
1
127
