5
6
7
8
6
9
10
6
11
12
13
3
14
3
6
3
15
16
17
18
19
20
90
90
21
22
36
82
6
1
23
90
6
24
25
6
3
26
27
28
29
30
4
90
31
65
32
6
33
58
34
6
90
35
36
90
37
2
38
39
3
45
40
90
1
41
42
43
90
3
44
45
46
47
48
3
3
49
3
50
51
52
2
53
54
55
6
3
2
56
57
2
58
59
2
60
61
90
90
6
2
62
63
64
90
65
66
67
68
3
69
55
70
3
71
3
72
90
73
2
6
6
74
3
6
75
90
3
6
6
76
3
2
2
90
77
78
6
79
80
81
3
82
50
83
2
35
84
85
86
87
90
88
89
90
38
91
90
65
90
92
3
4
5
6
7
8
6
6
6
6
6
6
6
9
10
11
12
13
14
3
3
15
16
17
18
19
20
90
2
90
90
21
22
82
23
24
25
6
6
26
27
28
28
29
30
90
90
90
90
31
32
33
58
34
35
36
3
37
38
39
45
40
1
41
42
43
44
45
46
47
48
3
3
49
3
3
50
51
52
53
54
55
2
2
2
56
57
58
59
60
61
62
63
64
65
66
67
68
68
69
70
3
71
3
3
3
3
3
72
73
74
3
3
6
75
76
90
90
77
78
6
79
80
81
82
82
83
84
85
86
87
88
89
90
91
92
4
